1746520434059 0.32273 0
1746520473953 0.67518 1
1746520512865 0.80674 2
1746520550349 0.81668 3
1746520586109 0.66057 4
1746520620141 0.7329 5
1746520653069 0.68476 6
1746520685694 0.88691 7
1746520717069 0.87397 8
1746520751425 0.66473 9
1746520784844 0.68213 10
1746520822007 0.76874 11
1746520853622 0.6855 12
1746520885451 0.59775 13
1746520919210 0.90835 14
1746520951375 0.92428 15
1746520983641 0.95635 16
1746521016208 0.917 17
1746521047887 0.90008 18
1746521080855 0.94716 19
1746521115140 0.95548 20
1746521147484 0.85634 21
1746521178714 0.85912 22
1746521210775 0.91193 23
1746521242779 0.89649 24
1746521274464 0.95189 25
1746521307507 0.9246 26
1746521338248 0.96428 27
1746521370401 0.97634 28
1746521401697 0.97319 29
1746521432951 0.9742 30
1746521465884 0.95829 31
1746521500781 0.96477 32
1746521533465 0.95357 33
1746521565536 0.96527 34
1746521597124 0.98284 35
1746521632851 0.96963 36
1746521663401 0.93972 37
1746521698311 0.93272 38
1746521739660 0.995 39
1746521782561 0.995 40
1746521826759 0.98676 41
1746521865259 0.97511 42
1746521895491 0.98424 43
1746521924962 0.98424 44
1746521955695 0.98976 45
1746521994526 0.98976 46
