1746520434059 0.47588 0
1746520473953 0.90997 1
1746520512865 0.90831 2
1746520550349 0.98545 3
1746520586109 0.90791 4
1746520620141 0.96348 5
1746520653069 0.995 6
1746520685694 0.99024 7
1746520717069 0.995 8
1746520751425 0.78703 9
1746520784844 0.81032 10
1746520822007 0.92286 11
1746520853622 0.98167 12
1746520885451 0.89765 13
1746520919210 0.995 14
1746520951375 0.995 15
1746520983641 0.995 16
1746521016208 0.995 17
1746521047887 0.98786 18
1746521080855 0.995 19
1746521115140 0.995 20
1746521147484 0.995 21
1746521178714 0.995 22
1746521210775 0.995 23
1746521242779 0.99024 24
1746521274464 0.995 25
1746521307507 0.99262 26
1746521338248 0.995 27
1746521370401 0.995 28
1746521401697 0.995 29
1746521432951 0.995 30
1746521465884 0.995 31
1746521500781 0.995 32
1746521533465 0.995 33
1746521565536 0.995 34
1746521597124 0.995 35
1746521632851 0.995 36
1746521663401 0.995 37
1746521698311 0.995 38
1746521739660 0.995 39
1746521782561 0.995 40
1746521826759 0.995 41
1746521865259 0.995 42
1746521895491 0.995 43
1746521924962 0.995 44
1746521955695 0.995 45
1746521994526 0.995 46
