1746520434059 0.00333 0
1746520473953 0.00333 1
1746520512865 0.00333 2
1746520550349 0.88559 3
1746520586109 0.92724 4
1746520620141 0.946 5
1746520653069 1.0 6
1746520685694 0.94858 7
1746520717069 0.9489 8
1746520751425 0.71836 9
1746520784844 0.72056 10
1746520822007 0.78703 11
1746520853622 0.94915 12
1746520885451 0.7111 13
1746520919210 0.99206 14
1746520951375 0.99561 15
1746520983641 0.99335 16
1746521016208 0.99665 17
1746521047887 0.93354 18
1746521080855 0.99585 19
1746521115140 0.99707 20
1746521147484 0.99523 21
1746521178714 0.99567 22
1746521210775 0.98924 23
1746521242779 0.94169 24
1746521274464 1.0 25
1746521307507 0.95057 26
1746521338248 0.99229 27
1746521370401 0.99479 28
1746521401697 0.99347 29
1746521432951 0.99583 30
1746521465884 0.99635 31
1746521500781 0.99661 32
1746521533465 0.99651 33
1746521565536 0.99652 34
1746521597124 0.99732 35
1746521632851 0.99737 36
1746521663401 0.99727 37
1746521698311 0.9969 38
1746521739660 0.99642 39
1746521782561 0.9955 40
1746521826759 0.99628 41
1746521865259 0.99731 42
1746521895491 0.99711 43
1746521924962 0.99681 44
1746521955695 0.99639 45
1746521994526 0.99571 46
