1746520434059 1.0 0
1746520473953 1.0 1
1746520512865 1.0 2
1746520550349 1.0 3
1746520586109 0.63791 4
1746520620141 0.87664 5
1746520653069 0.98988 6
1746520685694 1.0 7
1746520717069 1.0 8
1746520751425 0.75 9
1746520784844 0.9 10
1746520822007 1.0 11
1746520853622 0.93378 12
1746520885451 1.0 13
1746520919210 1.0 14
1746520951375 1.0 15
1746520983641 1.0 16
1746521016208 1.0 17
1746521047887 1.0 18
1746521080855 1.0 19
1746521115140 1.0 20
1746521147484 1.0 21
1746521178714 1.0 22
1746521210775 1.0 23
1746521242779 1.0 24
1746521274464 0.99723 25
1746521307507 0.96187 26
1746521338248 1.0 27
1746521370401 1.0 28
1746521401697 1.0 29
1746521432951 1.0 30
1746521465884 1.0 31
1746521500781 1.0 32
1746521533465 1.0 33
1746521565536 1.0 34
1746521597124 1.0 35
1746521632851 1.0 36
1746521663401 1.0 37
1746521698311 1.0 38
1746521739660 1.0 39
1746521782561 1.0 40
1746521826759 1.0 41
1746521865259 1.0 42
1746521895491 1.0 43
1746521924962 1.0 44
1746521955695 1.0 45
1746521994526 1.0 46
