1746520428470 8e-05 0
1746520469750 0.000176436 1
1746520506257 0.000268912 2
1746520546200 0.00035742799999999997 3
1746520582014 0.00044198400000000003 4
1746520616768 0.00052258 5
1746520649700 0.000599216 6
1746520682244 0.0006718920000000001 7
1746520713881 0.000740608 8
1746520747675 0.0008053640000000001 9
1746520780880 0.0008661600000000002 10
1746520818332 0.000922996 11
1746520850381 0.000975872 12
1746520882128 0.001024788 13
1746520914503 0.001069744 14
1746520947768 0.00111074 15
1746520980363 0.0011477759999999999 16
1746521012979 0.0011808519999999998 17
1746521044192 0.001209968 18
1746521077691 0.001235124 19
1746521111738 0.001208 20
1746521144149 0.0011684000000000002 21
1746521175492 0.0011288000000000001 22
1746521207278 0.0010892000000000002 23
1746521239537 0.0010496000000000001 24
1746521271103 0.00101 25
1746521303098 0.0009704 26
1746521335000 0.0009308 27
1746521367169 0.0008911999999999999 28
1746521398426 0.0008516000000000001 29
1746521429686 0.0008120000000000001 30
1746521462423 0.0007724 31
1746521497377 0.0007328 32
1746521530049 0.0006931999999999999 33
1746521562202 0.0006536 34
1746521593347 0.0006140000000000001 35
1746521629599 0.0005744000000000001 36
1746521660195 0.0005348000000000001 37
1746521694829 0.0004952 38
1746521733741 0.00045559999999999996 39
1746521778961 0.0004159999999999999 40
1746521822485 0.00037640000000000015 41
1746521861940 0.0003368000000000001 42
1746521892359 0.0002972 43
1746521921962 0.00025760000000000003 44
1746521952418 0.00021799999999999996 45
1746521990411 0.00017839999999999992 46
1746522134420 0.0001388000000000001 47
