1746520428470 1.0016 0
1746520469750 0.63002 1
1746520506257 0.59378 2
1746520546200 0.5328 3
1746520582014 0.52868 4
1746520616768 0.53803 5
1746520649700 0.5075 6
1746520682244 0.51063 7
1746520713881 0.54172 8
1746520747675 0.51129 9
1746520780880 0.48083 10
1746520818332 0.52558 11
1746520850381 0.52667 12
1746520882128 0.51779 13
1746520914503 0.50249 14
1746520947768 0.50543 15
1746520980363 0.44343 16
1746521012979 0.46307 17
1746521044192 0.48159 18
1746521077691 0.47297 19
1746521111738 0.46827 20
1746521144149 0.45403 21
1746521175492 0.4642 22
1746521207278 0.46899 23
1746521239537 0.42936 24
1746521271103 0.42531 25
1746521303098 0.40863 26
1746521335000 0.41447 27
1746521367169 0.44776 28
1746521398426 0.37843 29
1746521429686 0.39558 30
1746521462423 0.3837 31
1746521497377 0.40277 32
1746521530049 0.34855 33
1746521562202 0.31887 34
1746521593347 0.34765 35
1746521629599 0.35732 36
1746521660195 0.32807 37
1746521694829 0.35514 38
1746521733741 0.31338 39
1746521778961 0.28619 40
1746521822485 0.27615 41
1746521861940 0.22874 42
1746521892359 0.2205 43
1746521921962 0.20121 44
1746521952418 0.20407 45
1746521990411 0.23668 46
1746522134420 0.2102 47
