1746520428470 2.54477 0
1746520469750 1.97631 1
1746520506257 1.22736 2
1746520546200 0.95043 3
1746520582014 0.97992 4
1746520616768 0.89756 5
1746520649700 0.87721 6
1746520682244 0.85752 7
1746520713881 0.83023 8
1746520747675 0.78747 9
1746520780880 0.74274 10
1746520818332 0.78468 11
1746520850381 0.74121 12
1746520882128 0.73093 13
1746520914503 0.68601 14
1746520947768 0.70038 15
1746520980363 0.631 16
1746521012979 0.65982 17
1746521044192 0.6605 18
1746521077691 0.63665 19
1746521111738 0.59971 20
1746521144149 0.59517 21
1746521175492 0.61673 22
1746521207278 0.60116 23
1746521239537 0.56084 24
1746521271103 0.53648 25
1746521303098 0.53366 26
1746521335000 0.56824 27
1746521367169 0.55378 28
1746521398426 0.50856 29
1746521429686 0.49789 30
1746521462423 0.49218 31
1746521497377 0.49459 32
1746521530049 0.49153 33
1746521562202 0.44452 34
1746521593347 0.43487 35
1746521629599 0.45045 36
1746521660195 0.43144 37
1746521694829 0.43956 38
1746521733741 0.41914 39
1746521778961 0.85244 40
1746521822485 0.78701 41
1746521861940 0.64139 42
1746521892359 0.6311 43
1746521921962 0.60231 44
1746521952418 0.58309 45
1746521990411 0.57272 46
1746522134420 0.56265 47
