1746520428470 1.59246 0
1746520469750 1.25577 1
1746520506257 1.17733 2
1746520546200 1.16776 3
1746520582014 1.12361 4
1746520616768 1.12329 5
1746520649700 1.10047 6
1746520682244 1.10143 7
1746520713881 1.10624 8
1746520747675 1.10053 9
1746520780880 1.05291 10
1746520818332 1.11009 11
1746520850381 1.07117 12
1746520882128 1.08309 13
1746520914503 1.05534 14
1746520947768 1.05718 15
1746520980363 1.04475 16
1746521012979 1.04985 17
1746521044192 1.05015 18
1746521077691 1.07228 19
1746521111738 1.02413 20
1746521144149 1.04956 21
1746521175492 1.05292 22
1746521207278 1.05758 23
1746521239537 1.00616 24
1746521271103 1.0278 25
1746521303098 0.98896 26
1746521335000 1.0522 27
1746521367169 1.02542 28
1746521398426 1.00098 29
1746521429686 1.00756 30
1746521462423 0.98619 31
1746521497377 1.0173 32
1746521530049 0.95501 33
1746521562202 0.96098 34
1746521593347 0.94816 35
1746521629599 0.98746 36
1746521660195 0.96124 37
1746521694829 0.97943 38
1746521733741 0.94448 39
1746521778961 0.94803 40
1746521822485 0.97271 41
1746521861940 0.88177 42
1746521892359 0.90149 43
1746521921962 0.89229 44
1746521952418 0.89635 45
1746521990411 0.91907 46
1746522134420 0.90302 47
